0.741206 60
0.085537 14
0.002517 38
0.471877 1
1.453709 1
0.263493 1
0.136868 1
0.101482 1
0.074875 2
0.102705 53
0.002912 38
0.002893 1
0.561274 1
0.114929 1
0.324571 1
0.157835 1
0.072153 1
0.076637 1
0.063031 1
0.112163 1
0.078491 1
0.047373 1
0.069150 1
0.250455 1
0.047021 1
0.149652 1
0.070428 1
0.116136 1
0.148117 1
0.076734 1
0.031404 1
0.072828 1
0.057234 1
0.128495 1
0.081781 1
0.169576 1
0.041725 1
0.065606 1
0.023869 1
0.191476 1
0.082571 1
0.079626 1
0.225168 2
0.204925 38
0.002423 1
0.578390 4
0.103886 1
0.186743 1
0.078538 1
0.031228 1
0.090720 1
0.094702 1
0.074090 1
0.075352 1
0.104927 1
0.165234 1
0.057449 1
0.497613 1
0.294264 1
0.627552 1
0.047171 1
0.049379 1
0.082106 1
0.078280 1
0.199212 1
0.135996 1
0.078334 1
0.099539 1
0.036540 1
0.346392 1
0.125189 1
0.199324 1
0.325480 1
0.178086 1
0.145933 1
0.032111 1
0.132933 1
0.067297 1
0.060899 1
0.230609 1
0.091552 1
0.097370 1
0.044116 1
0.168748 1
0.080513 2
0.357719 62
1.633996 115
0.017380 7
1.627212 38
0.454896 1
0.843152 1
0.086144 1
0.051943 1
0.101212 1
0.072846 2
0.129522 88
0.003673 38
0.003496 1
0.845193 1
0.120241 1
0.317041 1
0.023283 1
0.184614 1
0.314478 1
0.368677 1
0.051073 1
0.077137 1
0.090800 1
0.063682 1
0.093741 1
0.082099 1
0.070409 1
0.107628 1
0.083544 1
0.073227 1
0.094884 1
0.114344 1
0.042313 1
0.097148 1
0.269676 1
0.074903 1
0.240356 2
0.225330 38
0.000483 1
0.392857 1
0.021895 1
0.102445 14
0.191542 2
0.337438 52
0.003661 1
0.170708 1
0.101157 2
0.097112 213
0.037149 1241
0.000046 4095
0.000903 1827
0.000039 52
0.001053 1
1.264643 1
0.120701 1
0.062147 1
0.178123 1
0.152281 1
0.170443 1
0.086439 1
0.142249 1
0.135349 1
0.068532 6
0.156637 2
0.401494 3856
0.008574 52
0.001807 1
0.709477 1
0.051790 1
0.524625 1
0.067385 1
0.070892 1
0.408575 1
0.062852 1
0.091773 1
0.105294 1
0.062568 1
0.062888 1
0.052747 1
0.132973 1
0.080074 1
0.126747 1
0.052456 1
0.115711 1
0.048850 1
0.087129 1
0.068119 1
0.083771 1
0.057358 1
0.058153 1
1.178111 1
0.120961 1
0.031111 1
0.055454 1
0.080008 1
0.105673 1
0.030792 1
0.126662 1
0.071500 1
0.069213 1
0.087000 1
0.045088 1
0.043190 1
0.201230 1
0.153290 1
0.040942 1
0.054373 1
0.164806 1
0.183734 1
0.081406 1
0.558539 1
0.070182 1
0.081205 1
0.049926 1
0.078844 1
0.196629 1
0.094431 1
0.083464 1
0.064526 1
0.449298 1
0.052031 1
0.097022 1
0.095862 1
0.404171 1
0.096842 1
0.060225 1
0.036955 1
0.131165 1
0.077271 4
0.195331 4
0.114736 1
0.149121 1
0.079214 1
0.054666 1
0.159787 1
0.075582 1
0.079533 1
0.025731 1
0.160470 1
0.105725 1
0.067861 2
0.123377 52
0.002928 1
1.066146 1
0.094154 1
0.155366 1
0.064506 1
0.048801 1
0.086101 1
0.062430 1
0.075812 1
0.112214 1
0.071532 1
0.081649 1
0.054589 1
0.073195 1
0.085969 1
0.082381 1
0.096023 1
0.045687 1
0.036834 1
0.074512 1
0.095768 1
0.061814 1
0.043186 1
0.189181 2
0.155436 52
0.002987 1
0.336898 1
0.074468 1
0.037329 1
0.136999 1
0.085202 1
0.144597 1
0.595529 1
0.096016 4
0.125369 4
0.116145 1
0.088718 1
0.095975 1
0.097230 1
0.021428 1
0.198878 1
0.092361 1
0.256717 1
0.224080 1
0.184209 2
0.393847 52
1.663654 1
0.958827 1
0.062906 1
0.057029 1
0.191928 1
0.145037 1
0.121721 2
0.222840 56
0.004438 1
0.299315 1
0.085278 1
0.168459 1
0.130905 1
0.098972 2
0.223827 85
0.005183 56
0.004324 1
0.807049 1
0.104953 1
0.392806 1
0.031979 1
0.001604 6
0.213006 1
0.182260 1
0.039677 1
0.248830 1
0.063204 1
0.098766 1
0.063054 1
0.036775 1
0.041693 1
0.241197 1
0.041859 1
0.057622 1
0.138210 1
0.008113 1
0.062796 1
0.126609 1
0.088944 1
0.103843 1
0.058135 1
0.168657 1
0.046108 1
0.055124 1
0.054045 1
0.095533 1
0.062171 1
0.047145 1
0.112661 1
0.076512 1
0.164224 1
0.037130 1
0.039188 1
0.246117 2
0.178753 56
0.002831 1
0.792962 1
0.084330 1
0.172163 1
0.041274 1
0.063301 1
0.099220 1
0.065779 1
0.078815 1
0.124706 1
0.077027 1
0.067426 1
0.072700 1
0.069034 1
0.207409 1
0.118081 1
0.093928 1
0.083633 1
0.031178 1
0.058223 1
0.167357 1
0.066197 1
0.044133 1
0.043759 1
0.180226 1
0.060190 1
0.063291 1
0.115296 1
0.083452 4
0.249546 1
0.104911 1
0.145868 1
0.082627 1
0.080889 2
0.147023 56
0.002824 1
0.704128 1
0.063663 1
0.056472 1
0.154835 1
0.154918 1
0.095374 1
0.044865 1
0.049396 1
0.175879 1
0.162393 1
0.060767 1
0.071863 1
0.072686 1
0.053739 1
0.092593 1
0.052125 1
0.244078 1
0.159803 1
0.140305 2
0.242568 59
0.591912 7
0.002725 3954
0.114928 19
0.000875 39
0.949834 87
0.000757 47
0.245069 47
0.161488 61
0.055686 35
0.068372 58
0.439878 58
0.086050 58
0.124479 48
0.673602 49
0.197038 48
0.083215 35
0.101123 48
0.149230 80
0.843322 97
0.247793 34
0.259560 34
0.253277 34
0.160368 47
0.416814 35
0.113106 48
0.208947 35
0.125739 35
0.180710 51
0.136169 48
0.065704 35
0.048903 48
0.113617 35
0.113006 49
0.207549 35
0.072530 48
0.135427 83
0.316960 47
0.723340 35
0.080958 48
0.545481 51
0.226620 48
0.207708 35
0.135986 48
0.309376 35
0.209465 49
0.340634 35
0.120227 48
0.212810 83
0.343614 47
0.233768 48
0.096634 66
0.100583 82
0.695793 79
0.313525 47
0.160741 47
0.172905 61
0.094843 35
0.047204 58
0.162036 58
0.069016 58
0.100248 48
0.293070 49
0.650957 74
0.242731 94
0.226752 34
0.393921 34
0.221779 34
0.164776 47
0.623452 35
0.125927 48
0.293320 35
0.115302 35
0.440162 35
0.301057 58
0.142007 58
0.047163 59
0.131439 83
0.211021 47
0.093384 48
0.141970 66
0.066692 19
0.723658 71
0.084285 19
0.142389 1
0.133966 23
0.001821 16
0.014763 21
0.054713 18
0.000796 16
0.740597 16
0.349181 16
0.182116 16
0.656277 39
0.361101 88
0.002594 85
0.179413 48
0.171637 48
0.167765 62
0.044322 36
0.054845 59
0.115445 59
0.194308 59
0.073040 59
0.109362 60
0.079222 59
0.098640 59
0.080355 49
0.258455 36
0.204611 36
0.092353 49
0.262048 52
0.248478 49
0.122134 75
0.262067 98
0.183330 35
0.403089 35
0.167351 35
0.154910 48
0.232178 61
0.194115 59
0.081985 59
0.119579 36
0.068902 49
0.127689 37
0.057192 49
0.163791 86
0.156750 48
0.253381 49
0.081835 67
0.094315 85
1.051308 81
0.138608 48
0.826373 48
0.131721 62
0.073530 36
0.053423 59
0.140218 59
0.133172 59
0.031601 59
0.207088 60
0.065967 59
0.145447 49
0.813452 49
0.151378 75
0.283126 55
0.344298 52
0.145275 52
0.123452 87
0.225896 35
0.451400 35
0.136413 35
0.172468 48
0.183387 61
0.181696 59
0.083935 59
0.122730 85
0.124898 48
0.114839 49
0.133832 67
0.074002 20
0.648142 72
0.484689 19
0.066820 1
0.108406 23
0.001806 18
0.013589 23
0.044595 19
0.000623 3947
2.548620 1201
0.005161 10
1.669603 1312
1.258021 43
0.471330 1
0.631126 1
0.089717 1
0.085476 1
0.071118 1
0.065813 1
0.060951 1
0.075019 1
0.060325 1
0.215051 1
0.041484 1
0.193986 4
0.328268 1
0.070258 1
0.078576 1
0.059399 1
0.094183 1
0.086639 1
0.095000 1
0.068592 1
0.035929 1
0.073774 1
0.122195 1
0.060831 1
0.075857 1
0.123797 1
0.222200 1
0.041782 1
0.073492 1
0.084345 1
0.063935 1
0.100516 1
0.091637 1
0.073531 1
0.120060 1
0.041038 1
0.023191 1
0.065090 1
0.104284 1
0.122220 1
0.058800 1
0.056511 1
0.072090 1
0.130492 1
0.044086 1
0.057088 1
0.210674 1
0.112746 1
0.127839 1
0.115311 1
0.199262 1
0.102315 1
0.091489 1
0.029726 1
0.169924 2
0.081292 38
0.001691 1
0.234710 1
0.046586 1
0.054841 1
0.172679 1
0.207298 1
0.125557 44
0.178162 38
0.001253 1
1.392170 1
0.028787 1
0.055052 14
0.511742 1
0.761139 1
0.151809 1
0.115321 2
0.077745 56
0.005702 1
0.253292 1
0.074138 2
0.074498 79
0.006328 56
0.003867 1
0.766030 1
0.039107 1
0.044469 1
0.142218 1
0.081401 1
0.130539 4
0.324007 8
0.223437 1
0.327714 1
0.104125 1
0.204055 1
0.059725 1
0.084549 1
0.055047 1
0.345323 1
0.042026 1
0.344951 1
0.265421 1
0.052831 1
0.041761 1
0.075747 1
0.134209 1
0.107799 1
0.143596 1
0.056827 1
0.036445 1
0.121155 1
0.075531 1
0.037396 1
0.066089 1
0.189902 1
0.041681 1
0.146924 1
0.061061 1
0.083636 1
0.031510 1
0.125540 1
0.085456 1
0.113585 1
0.116866 1
0.045111 1
0.090073 1
0.083618 1
0.051966 1
0.167674 1
0.052649 1
0.033412 1
0.123665 1
0.067492 1
0.137099 1
0.054226 1
0.044850 1
0.117791 1
0.051137 1
0.082907 1
0.034214 1
0.144032 1
0.084492 1
0.082886 1
0.140262 1
0.037608 1
0.109883 1
0.039170 1
0.112526 1
0.042627 1
0.051937 1
0.043830 1
0.104436 1
0.052986 1
0.018353 1
0.170175 2
0.113246 56
0.002661 1
0.376386 1
0.081797 1
0.156659 1
0.052681 1
0.536221 1
0.062325 1
0.040057 125
0.102761 1
0.348167 436
0.130847 4
0.185667 1
0.206998 1
0.026358 8
0.130207 2
0.260345 151
0.004472 56
0.005427 6
1.553002 418
0.480320 454
0.462708 8
1.366589 5
0.894934 1
0.055565 1
0.030198 1
0.113628 1
0.064298 1
0.116424 1
0.159810 1
0.099375 1
0.062636 17
0.198332 61
2.552580 305
0.547866 17
0.025961 91
0.657817 1
1.534944 1
0.264221 1
0.096729 1
0.157029 1
0.102251 1
0.141413 1
0.079272 1
0.080039 1
0.380361 2
0.350523 65
0.015060 17
0.000043 1
2.906947 1
0.162476 1
0.105175 1
0.160895 2
0.095730 36
0.016358 56
0.053310 9
0.309597 2
0.390534 61
2.505477 51
0.003138 254
0.002638 17
0.043065 1
0.414575 1
0.130475 1
0.065183 1
0.208229 1
0.066924 1
0.121033 2
0.169223 66
0.012237 1
0.739488 1
0.075378 1
0.165388 1
0.044105 1
0.063243 1
0.112849 1
0.083739 1
0.072564 1
0.142251 1
0.091688 1
0.125610 1
0.049790 1
0.084185 1
0.109369 1
0.044931 1
0.039364 1
0.046999 1
0.083949 1
0.126235 1
0.065026 1
0.054611 1
0.252168 2
0.248078 58
0.011054 17
0.000053 91
1.130348 1
1.076869 1
0.085450 1
0.137155 1
0.085969 1
0.649770 1
0.089149 1
0.106941 1
0.112684 2
0.324554 78
0.012873 17
0.000085 7
1.047579 25
0.576496 20
0.499494 19
0.032339 16
0.032294 16
0.026648 19
0.032234 19
0.031570 16
0.030975 16
0.144336 16
0.249118 74
0.206654 47
0.184942 48
0.165110 35
0.101761 58
0.076457 58
0.100758 85
0.665737 19
0.120400 1
0.095382 23
0.001924 18
0.014547 43
0.056379 8
0.576109 12
0.418988 2
0.283292 79
0.007800 17
0.000094 1
0.408714 1
0.109009 1
0.131746 1
0.162572 1
0.122538 1
0.060106 1
0.062725 1
0.096640 1
0.086797 1
0.051941 1
0.091156 1
0.103157 1
0.051757 1
0.078215 1
0.253390 2
0.245684 68
0.011785 1
0.723611 1
0.376934 1
0.191405 1
0.143413 2
0.283096 36
0.016475 56
0.047602 9
0.533451 1
1.099737 1
0.149703 1
0.178484 2
0.195183 61
2.679008 51
0.000133 254
0.000896 14
0.035193 1
0.459698 1
0.190419 1
0.131101 4
0.223195 4
0.127851 4
0.120420 1
0.093774 1
0.100311 1
0.175047 1
0.047582 1
0.101158 1
0.152330 1
0.081414 1
0.096399 1
0.034203 1
0.070719 1
0.047318 1
0.240674 1
0.209066 1
0.196656 1
0.327342 1
0.032989 1
0.085257 1
0.206667 1
0.047610 1
0.109618 1
0.274477 1
0.329778 1
0.133582 1
0.052684 1
0.108393 4
0.582451 4
0.141034 4
0.141743 1
0.430090 1
0.085488 1
0.032651 1
0.111418 1
0.071576 1
0.076609 1
0.082531 1
0.062135 1
0.044189 1
0.150071 1
0.041524 1
0.068450 1
0.081503 1
0.066356 1
0.092380 1
0.032608 1
0.072445 1
0.026251 1
0.079792 1
0.084841 1
0.170003 1
0.012352 1
0.081308 1
0.087345 1
0.035449 1
0.021562 4
0.251231 4
0.188746 1
0.061150 1
0.105732 1
0.048493 1
0.105297 1
0.087547 1
0.081983 1
0.086163 1
0.086008 1
0.028540 1
0.041363 1
0.101408 1
0.070357 1
0.173064 1
0.074975 1
0.062864 1
0.083168 1
0.073477 1
0.058805 1
0.075741 1
0.041306 1
0.085980 1
0.076625 1
0.105408 1
0.080521 1
0.115349 1
0.031658 1
0.069389 1
0.086793 1
0.147697 1
0.102233 1
0.083609 1
0.085989 2
0.186714 111
0.011267 14
0.000044 88
2.178210 1
0.392959 1
0.195420 1
0.071495 1
0.107382 1
0.232528 1
0.037240 1
0.084040 1
0.086816 1
0.104153 1
1.061645 4
0.174991 1
0.153958 1
0.058579 1
0.057912 2
0.426671 84
0.010058 1
1.045810 1
0.072283 1
0.132244 2
0.335334 38
0.010101 16
0.000054 1
0.269525 1
0.112877 1
0.078787 2
0.133298 71
0.007873 1
0.882919 1
0.171999 1
0.083888 1
0.165867 2
0.094363 36
0.014257 56
0.041857 12
0.302231 6
0.175279 2
0.473360 1
1.989534 61
0.490561 70
0.000131 254
0.001213 17
0.034231 1
0.398941 1
0.029229 1
0.104594 1
0.053238 1
0.135523 1
0.068299 1
0.101387 1
0.044610 1
0.068366 1
0.129079 1
0.081281 1
0.229644 1
0.050065 1
0.075330 2
0.158172 89
0.014132 1
1.644100 1
0.086756 1
0.603089 1
0.082437 1
0.064131 1
0.073745 1
0.078164 1
0.141560 1
0.188264 1
0.063055 1
0.085661 1
0.124174 1
0.329723 4
0.265033 1
0.129385 1
0.155999 1
0.095774 1
0.136100 1
0.177549 1
0.082744 1
0.154874 1
0.122578 2
0.162791 56
0.010876 17
0.000613 1
0.580400 1
0.184955 1
0.101983 1
0.142623 2
0.091325 36
0.017081 56
0.046202 1
0.450717 1
0.060496 1
0.043396 1
0.096798 1
0.063388 2
0.082737 169
0.010073 56
0.004954 1
0.632693 1
0.077705 1
0.119815 1
0.073260 1
0.073766 1
0.065138 1
0.081424 1
0.084008 1
0.106844 1
0.060262 1
0.042013 1
0.152403 1
0.088840 1
0.126163 1
0.114232 1
0.086338 1
0.165344 1
0.094935 1
0.743335 1
0.266703 4
0.138918 1
1.071295 1
0.090319 1
0.026027 1
0.077394 1
0.115278 1
0.091330 25
0.476168 1
0.745432 1
0.211113 1
0.117836 1
0.039586 1
0.062769 1
0.167325 1
0.180708 1
0.093912 1
0.042238 1
0.063109 2
0.223252 56
0.003640 1
0.341881 1
0.080470 1
0.079554 1
0.224573 19
0.219836 2
0.518731 73
0.003363 1
0.134981 1
0.117427 1
0.081168 1
0.092043 1
0.074872 2
0.074571 73
0.001723 73
0.001390 1
0.073285 1
0.072719 2
0.078032 38
0.004259 73
0.004282 1
1.233421 1
0.134131 1
0.333935 1
0.062630 1
0.064538 1
0.042662 1
0.052423 1
0.164041 1
0.083559 1
0.073057 1
0.076039 1
0.232432 1
0.094775 1
0.044951 1
0.065366 1
0.075748 1
0.063611 1
0.074298 1
0.108528 1
0.120370 1
0.033988 1
0.086236 1
0.132150 1
0.067427 1
0.251511 1
0.099675 1
0.036201 1
0.062306 1
0.141989 1
0.079025 1
0.071393 1
0.026981 1
0.157391 1
0.068946 1
0.057198 1
0.125503 1
0.074685 1
0.077269 1
0.240699 1
0.131494 1
0.151709 2
0.241811 73
0.003755 1
0.398610 1
0.075575 1
0.290584 1
0.044572 1
0.099777 1
0.134054 1
0.041400 1
0.048147 1
0.197442 1
0.033673 1
0.071764 1
0.112659 1
0.054173 1
0.063526 1
0.082645 1
0.054908 1
0.135276 1
0.001718 1
0.725129 1
0.068284 1
0.084276 1
0.143798 1
0.119662 1
0.072698 1
0.067162 1
0.046349 1
0.063984 1
0.152899 1
0.055779 1
0.277132 1
0.113147 1
0.062973 1
0.060540 1
0.117221 1
0.133991 1
0.156834 1
0.063406 1
0.064488 1
0.328306 1
0.041676 1
0.086560 1
0.115079 1
0.098499 1
0.637208 1
0.103766 1
0.113935 1
0.136832 1
0.103791 1
0.065452 1
0.172361 3
0.049842 1
0.107100 1
0.156279 1
0.043174 1
0.054672 1
0.107819 2
0.290452 73
0.001861 1
1.492420 1
0.081444 1
0.160309 1
0.088504 1
0.083595 1
0.041896 1
0.050706 1
0.098437 1
0.037775 1
0.066956 1
0.044720 1
0.068144 1
0.074240 1
0.041380 1
0.211334 1
0.069381 1
0.044166 1
0.099442 1
0.099974 1
0.171943 1
0.057528 1
0.126577 1
0.073401 1
0.062177 1
0.096114 1
0.086933 1
0.049209 1
0.063748 1
0.062857 1
0.193341 1
0.149155 1
0.041355 1
0.082893 1
0.235289 2
0.228665 73
0.003467 1
0.796995 1
0.125698 1
0.248357 1
0.081684 1
0.109723 1
0.041910 1
0.224675 1
0.083792 1
0.042446 1
0.077679 1
0.087965 1
0.069925 1
0.246185 1
0.085288 1
0.081799 1
0.054016 1
0.112360 1
0.130136 1
0.206690 1
0.146270 1
0.141920 1
0.143836 1
0.136710 1
0.146013 1
0.150182 1
0.109680 2
0.603544 73
0.003095 1
0.702688 1
0.075271 1
0.045010 1
0.101236 1
0.094600 1
0.114725 1
0.257747 1
0.065961 1
0.083626 1
0.043682 2
0.164337 73
2.630450 2621
0.897814 943
0.873377 60
2.324716 58
